0	0.000845889
0.0002	0.000848738
0.0004	0.000851375
0.0006	0.000853799
0.0008	0.00085604
0.001	0.000858107
0.0015	0.000862577
0.002	0.000866105
0.0025	0.000868823
0.003	0.000870856
0.0035	0.000872833
0.004	0.000874557
0.0045	0.00087614
0.005	0.00087755
0.0055	0.000878817
0.006	0.000879932
0.0065	0.000881079
0.007	0.000882151
0.0075	0.000883153
0.008	0.000884083
0.0085	0.000884966
0.009	0.000885788
0.0095	0.000886631
0.01	0.000887437
0.011	0.000888954
0.012	0.000890336
0.013	0.000891689
0.014	0.000892956
0.015	0.000894141
0.016	0.000895342
0.017	0.000896512
0.018	0.000897643
0.019	0.000898751
0.02	0.000899826
0.021	0.000900896
0.022	0.000901946
0.023	0.000902977
0.024	0.000903987
0.025	0.000904985
0.026	0.000905974
0.027	0.000906949
0.028	0.000907912
0.029	0.000908863
0.03	0.000909801
0.031	0.000910736
0.032	0.000911661
0.033	0.000912576
0.034	0.000913483
0.035	0.000914381
0.036	0.000915272
0.037	0.000916155
0.038	0.00091703
0.039	0.000917898
0.04	0.000918758
0.041	0.000919612
0.042	0.000920459
0.043	0.0009213
0.044	0.000922134
0.045	0.000922961
0.046	0.000923783
0.047	0.000924598
0.048	0.000925406
0.049	0.000926209
0.05	0.000927006
0.051	0.000927797
0.052	0.000928582
0.053	0.000929361
0.054	0.000930135
0.055	0.000930903
0.056	0.000931666
0.057	0.000932423
0.058	0.000933174
0.059	0.00093392
0.06	0.000934661
0.061	0.000935396
0.062	0.000936127
0.063	0.000936851
0.064	0.000937571
0.065	0.000938286
0.066	0.000938995
0.067	0.0009397
0.068	0.000940399
0.069	0.000941094
0.07	0.000941783
0.071	0.000942468
0.072	0.000943147
0.073	0.000943822
0.074	0.000944492
0.075	0.000945157
0.076	0.000945818
0.077	0.000946474
0.078	0.000947125
0.079	0.000947771
0.08	0.000948413
0.081	0.000949051
0.082	0.000949684
0.083	0.000950312
0.084	0.000950936
0.085	0.000951556
0.086	0.00095217
0.087	0.00095278
0.088	0.000953386
0.089	0.000953987
0.09	0.000954583
0.091	0.000955175
0.092	0.000955762
0.093	0.000956344
0.094	0.000956923
0.095	0.000957496
0.096	0.000958065
0.097	0.00095863
0.098	0.00095919
0.099	0.000959746
0.1	0.000960297
0.11	0.00096557
0.12	0.000970412
0.13	0.000974835
0.14	0.000978844
0.15	0.000982447
0.16	0.000985653
0.17	0.000988472
0.18	0.000990914
0.19	0.000992986
0.2	0.00099469
0.21	0.000996033
0.22	0.000997022
0.23	0.000997644
0.24	0.000997897
0.25	0.000997794
0.26	0.00099734
0.27	0.000996527
0.28	0.000995355
0.29	0.000993826
0.3	0.000991944
0.31	0.000989716
0.32	0.000987148
0.33	0.000984251
0.34	0.000981027
0.35	0.000977479
0.36	0.000973614
0.37	0.000969441
0.38	0.000964965
0.39	0.000960198
0.4	0.000955149
0.41	0.000949823
0.42	0.00094423
0.43	0.000938378
0.44	0.000932277
0.45	0.000925938
0.46	0.00091937
0.47	0.000912584
0.48	0.000905591
0.49	0.000898404
0.5	0.000891032
0.51	0.000883482
0.52	0.000875767
0.53	0.000867897
0.54	0.000859888
0.55	0.000851733
0.56	0.000843412
0.57	0.000834924
0.58	0.000826275
0.59	0.000817455
0.6	0.000808473
0.61	0.00079934
0.62	0.00079006
0.63	0.000780642
0.64	0.000771096
0.65	0.000761433
0.66	0.000751663
0.67	0.000741796
0.68	0.000731838
0.69	0.000721798
0.7	0.00071169
0.71	0.000701522
0.72	0.00069131
0.73	0.00068106
0.74	0.000670787
0.75	0.0006605
0.76	0.000650213
0.77	0.000639936
0.78	0.000629674
0.79	0.000619435
0.8	0.00060921
0.81	0.000598995
0.82	0.000588802
0.83	0.000578618
0.84	0.000568402
0.85	0.000558161
0.86	0.000547905
0.87	0.00053764
0.88	0.000527376
0.89	0.000517122
0.9	0.000506888
0.91	0.000496683
0.92	0.000486515
0.93	0.000476397
0.94	0.000466335
0.95	0.000456341
0.96	0.000446423
0.97	0.000436593
0.98	0.000426858
0.99	0.000417223
1	0.000407695
1.01	0.000398283
1.02	0.000388995
1.03	0.00037984
1.04	0.000370828
1.05	0.00036197
1.06	0.000353275
1.07	0.000344747
1.08	0.000336336
1.09	0.000328029
1.1	0.00031983
1.11	0.000311747
1.12	0.000303787
1.13	0.000295958
1.14	0.000288263
1.15	0.00028071
1.16	0.000273287
1.17	0.000265971
1.18	0.000258768
1.19	0.000251685
1.2	0.000244727
1.21	0.000237903
1.22	0.000231218
1.23	0.00022468
1.24	0.000218296
1.25	0.000212071
1.26	0.000206009
1.27	0.000200091
1.28	0.000194316
1.29	0.000188682
1.3	0.000183194
1.31	0.000177858
1.32	0.000172681
1.33	0.000167667
1.34	0.000162825
1.35	0.000158158
1.36	0.000153675
1.37	0.00014938
1.38	0.000145281
1.39	0.000141377
1.4	0.00013767
1.41	0.000134164
1.42	0.000130867
1.43	0.00012777
1.44	0.00012484
1.45	0.000122079
1.46	0.000119492
1.47	0.000117085
1.48	0.000114863
1.49	0.000112829
1.5	0.000110989
1.51	0.000109335
1.52	0.000107797
1.53	0.000106365
1.54	0.000105042
1.55	0.000103782
1.56	0.000102538
1.57	0.000101309
1.58	0.000100097
1.59	0.0000989025
1.6	0.0000977256
1.61	0.0000965675
1.62	0.0000954272
1.63	0.0000943043
1.64	0.0000931997
1.65	0.0000921139
1.66	0.0000910480
1.67	0.0000900026
1.68	0.0000889784
1.69	0.0000879764
1.7	0.0000869972
1.71	0.0000860418
1.72	0.0000851108
1.73	0.0000842044
1.74	0.0000833144
1.75	0.0000824382
1.76	0.0000815763
1.77	0.0000807295
1.78	0.0000798981
1.79	0.0000790828
1.8	0.0000782843
1.81	0.0000775029
1.82	0.0000767393
1.83	0.0000759940
1.84	0.0000752678
1.85	0.0000745609
1.86	0.0000738738
1.87	0.0000732046
1.88	0.0000725535
1.89	0.0000719209
1.9	0.0000712997
1.91	0.0000706746
1.92	0.0000700453
1.93	0.0000694121
1.94	0.0000687748
1.95	0.0000681338
1.96	0.0000674890
1.97	0.0000668405
1.98	0.0000661886
1.99	0.0000655334
2	0.0000648748
2.01	0.0000642131
2.02	0.0000635484
2.03	0.0000628808
2.04	0.0000622104
2.05	0.0000615374
2.06	0.0000608617
2.07	0.0000601837
2.08	0.0000595034
2.09	0.0000588208
2.1	0.0000581364
2.11	0.0000574498
2.12	0.0000567615
2.13	0.0000560715
2.14	0.0000553800
2.15	0.0000546871
2.16	0.0000539928
2.17	0.0000532974
2.18	0.0000526009
2.19	0.0000519034
2.2	0.0000512053
2.21	0.0000505064
2.22	0.0000498071
2.23	0.0000491073
2.24	0.0000484073
2.25	0.0000477071
2.26	0.0000470069
2.27	0.0000463068
2.28	0.0000456071
2.29	0.0000449076
2.3	0.0000442088
2.31	0.0000435105
2.32	0.0000428132
2.33	0.0000421167
2.34	0.0000414214
2.35	0.0000407272
2.36	0.0000400345
2.37	0.0000393431
2.38	0.0000386534
2.39	0.0000379654
2.4	0.0000372795
2.41	0.0000365955
2.42	0.0000359137
2.43	0.0000352343
2.44	0.0000345573
2.45	0.0000338829
2.46	0.0000332113
2.47	0.0000325425
2.48	0.0000318768
2.49	0.0000312144
2.5	0.0000305552
2.51	0.0000298995
2.52	0.0000292474
2.53	0.0000285991
2.54	0.0000279547
2.55	0.0000273143
2.56	0.0000266781
2.57	0.0000260464
2.58	0.0000254191
2.59	0.0000247964
2.6	0.0000241785
2.61	0.0000235656
2.62	0.0000229578
2.63	0.0000223551
2.64	0.0000217579
2.65	0.0000211661
2.66	0.0000205802
2.67	0.0000199997
2.68	0.0000194245
2.69	0.0000188546
2.7	0.0000182902
2.71	0.0000177315
2.72	0.0000171786
2.73	0.0000166317
2.74	0.0000160908
2.75	0.0000155562
2.76	0.0000150279
2.77	0.0000145061
2.78	0.0000139911
2.79	0.0000134828
2.8	0.0000129815
2.81	0.0000124873
2.82	0.0000120003
2.83	0.0000115207
2.84	0.0000110487
2.85	0.0000105843
2.86	0.0000101278
2.87	0.00000967931
2.88	0.00000923891
2.89	0.00000880679
2.9	0.00000838310
2.91	0.00000796799
2.92	0.00000756160
2.93	0.00000716408
2.94	0.00000677559
2.95	0.00000639627
2.96	0.00000602627
2.97	0.00000566574
2.98	0.00000531483
2.99	0.00000497370
3	0.00000464249
3.01	0.00000432136
3.02	0.00000401045
3.03	0.00000370991
3.04	0.00000341990
3.05	0.00000314056
3.06	0.00000287206
3.07	0.00000261453
3.08	0.00000236813
3.09	0.00000213302
3.1	0.00000190934
3.11	0.00000169724
3.12	0.00000149687
3.13	0.00000130839
3.14	0.00000113194
3.15	0.000000967674
3.16	0.000000815744
3.17	0.000000676297
3.18	0.000000549480
3.19	0.000000435440
3.2	0.000000334325
3.21	0.000000246277
3.22	0.000000171439
3.23	0.000000109950
3.24	0.0000000619436
3.25	0.0000000275479
3.26	0.0000000068757
3.27	0

